1.20482e-05	7.88637e-07
2.65769e-05	2.22963e-08
4.39595e-05	3.11706e-08
6.47429e-05	4.51238e-08
8.9355e-05	6.57558e-08
0.000118731	1.00685e-07
0.000153981	1.61098e-07
0.000196282	2.66145e-07
0.000246515	4.42541e-07
0.000304475	7.05978e-07
0.000374028	4.47481e-08
0.000463452	1.26655e-07
0.000570762	3.03061e-07
0.000713841	1.2976e-07
0.000856921	1.92127e-07
0.001	3.02588e-07
0.0011	1.10061e-07
0.00119	9.22499e-08
0.001271	8.95677e-07
0.0013439	6.82711e-07
0.0014168	7.11624e-07
0.0014816	4.85353e-07
0.0015464	4.9077e-07
0.0016031	3.10057e-07
0.0016598	3.11575e-07
0.0017165	3.13082e-07
0.00176375	1.64775e-07
0.001811	1.65465e-07
0.00185825	1.66199e-07
0.0019055	1.67088e-07
0.00195275	1.67916e-07
0.002	1.68758e-07
0.00204348	1.26039e-07
0.00208507	1.08074e-07
0.00212665	1.08694e-07
0.00216635	9.25523e-08
0.00220605	9.32223e-08
0.00224386	7.88324e-08
0.00228166	7.9518e-08
0.00231947	8.03015e-08
0.00235529	6.68217e-08
0.00239111	6.75182e-08
0.00242692	6.82561e-08
0.00246274	6.91342e-08
