1.20482e-05	0.000219246
2.65769e-05	1.80054e-05
4.39595e-05	2.18409e-05
6.47429e-05	2.6883e-05
8.9355e-05	3.32335e-05
0.000118731	4.19786e-05
0.000153981	5.39978e-05
0.000196282	7.02404e-05
0.000246515	9.115e-05
0.000304475	0.000115237
0.000374028	0.000151998
0.000463452	0.000216308
0.000570762	0.000287594
0.000713841	0.000431892
0.000856921	0.000490841
0.001	0.00057028
0.0011	0.000469346
0.00119	0.000471211
0.001271	0.000457285
0.0013439	0.000429018
0.0014168	0.000436101
0.0014816	0.000387993
0.0015464	0.000383468
0.0016031	0.000328797
0.0016598	0.00032098
0.0017165	0.000312297
0.00176375	0.00025245
0.001811	0.000245589
0.00185825	0.000238853
0.0019055	0.000232308
0.00195275	0.000225934
0.002	0.000219832
0.00204348	0.000196805
0.00208507	0.000183666
0.00212665	0.000179736
0.00216635	0.000168183
0.00220605	0.000165395
0.00224386	0.000154996
0.00228166	0.000152777
0.00231947	0.000150752
0.00235529	0.000141036
0.00239111	0.000139539
0.00242692	0.00013823
0.00246274	0.000137169
