1.20482e-05	1
2.65769e-05	1
4.39595e-05	1
6.47429e-05	1
8.9355e-05	1
0.000118731	1
0.000153981	1
0.000196282	1
0.000246515	1
0.000304475	1
0.000374028	2
0.000463452	2
0.000570762	2
0.000713841	3
0.000856921	3
0.001	3
0.0011	3
0.00119	3
0.001271	2
0.0013439	2
0.0014168	2
0.0014816	2
0.0015464	2
0.0016031	2
0.0016598	2
0.0017165	2
0.00176375	2
0.001811	2
0.00185825	2
0.0019055	2
0.00195275	2
0.002	2
0.00204348	2
0.00208507	2
0.00212665	2
0.00216635	2
0.00220605	2
0.00224386	2
0.00228166	2
0.00231947	2
0.00235529	2
0.00239111	2
0.00242692	2
0.00246274	2
