1.20482e-05	1
2.65769e-05	0.153447
4.39595e-05	0.0811215
6.47429e-05	0.0601241
8.9355e-05	0.0515672
0.000118731	0.049854
0.000153981	0.0537362
0.000196282	0.0666588
0.000246515	0.100507
0.000304475	0.133676
0.000374028	0.0478379
0.000463452	0.0295366
0.000570762	0.0200005
0.000713841	0.0169371
0.000856921	0.0114465
0.001	0.00855497
0.0011	0.0046946
0.00119	0.00359328
0.001271	0.00282721
0.0013439	0.00227837
0.0014168	0.00208349
0.0014816	0.00170702
0.0015464	0.00159977
0.0016031	0.00131805
0.0016598	0.00125839
0.0017165	0.00120668
0.00176375	0.000966639
0.001811	0.00093885
0.00185825	0.000914076
0.0019055	0.000891999
0.00195275	0.000872151
0.002	0.000854681
0.00204348	0.00077149
0.00208507	0.000726404
0.00212665	0.000716559
0.00216635	0.000675451
0.00220605	0.000668463
0.00224386	0.000630119
0.00228166	0.000624677
0.00231947	0.000619756
0.00235529	0.000582688
0.00239111	0.000579038
0.00242692	0.00057553
