1.20482e-05	3.1752e-07
2.65769e-05	3.01633e-07
4.39595e-05	2.26869e-07
6.47429e-05	2.85247e-07
8.9355e-05	4.83438e-07
0.000118731	9.96346e-07
0.000153981	2.13784e-07
0.000196282	6.48789e-07
0.000246515	3.67538e-07
0.000304475	2.16615e-07
0.000374028	9.37002e-07
0.000463452	4.12453e-07
0.000570762	6.83221e-07
0.000713841	7.18654e-07
0.000856921	6.17793e-07
0.001	4.52841e-07
0.0011	9.19352e-07
0.00119	5.31064e-07
0.001271	3.09107e-07
0.0013439	9.34972e-07
0.0014168	8.48083e-07
0.0014816	5.07973e-07
0.0015464	4.90639e-07
0.0016031	2.85899e-07
0.0016598	2.73304e-07
0.0017165	2.66094e-07
0.00176375	1.31993e-07
0.001811	1.32627e-07
0.00185825	1.32929e-07
0.0019055	1.35296e-07
0.00195275	1.33951e-07
0.002	1.348e-07
0.00204348	9.88521e-07
0.00208507	8.56731e-07
0.00212665	8.60218e-07
0.00216635	7.41821e-07
0.00220605	7.47291e-07
0.00224386	6.3932e-07
0.00228166	6.45159e-07
0.00231947	6.51883e-07
0.00235529	5.49452e-07
0.00239111	5.52053e-07
0.00242692	5.5521e-07
