1.20482e-05	3
2.65769e-05	2
4.39595e-05	2
6.47429e-05	2
8.9355e-05	2
0.000118731	2
0.000153981	3
0.000196282	3
0.000246515	4
0.000304475	5
0.000374028	4
0.000463452	5
0.000570762	5
0.000713841	6
0.000856921	6
0.001	6
0.0011	4
0.00119	4
0.001271	4
0.0013439	3
0.0014168	3
0.0014816	3
0.0015464	3
0.0016031	3
0.0016598	3
0.0017165	3
0.00176375	3
0.001811	3
0.00185825	3
0.0019055	3
0.00195275	3
0.002	3
0.00204348	2
0.00208507	2
0.00212665	2
0.00216635	2
0.00220605	2
0.00224386	2
0.00228166	2
0.00231947	2
0.00235529	2
0.00239111	2
0.00242692	2
