1.20482e-05	34
2.65769e-05	20
4.39595e-05	16
6.47429e-05	15
8.9355e-05	15
0.000118731	14
0.000153981	13
0.000196282	13
0.000246515	15
0.000304475	16
0.000374028	16
0.000463452	17
0.000570762	17
0.000713841	17
0.000856921	18
0.001	17
0.0011	20
0.00119	18
0.001271	17
0.0013439	15
0.0014168	17
0.0014816	17
0.0015464	18
0.0016031	18
0.0016598	17
0.0017165	16
0.00176375	18
0.001811	18
0.00185825	16
0.0019055	16
0.00195275	15
0.002	15
0.00204348	17
0.00208507	15
0.00212665	15
0.00216635	16
0.00220605	16
0.00224386	17
0.00228166	16
0.00231947	15
0.00235529	17
0.00239111	16
0.00242692	16
0.00246274	16
