1.20482e-05	0.00470893
2.65769e-05	0.00125578
4.39595e-05	0.000282399
6.47429e-05	0.000152036
8.9355e-05	0.000106316
0.000118731	7.45768e-05
0.000153981	8.54393e-05
0.000196282	0.000118801
0.000246515	0.000180791
0.000304475	0.000272455
0.000374028	0.000363497
0.000463452	0.000663355
0.000570762	0.00110581
0.000713841	0.00209512
0.000856921	0.00294848
0.001	0.00261698
0.0011	0.00267794
0.00119	0.00182441
0.001271	0.0014662
0.0013439	0.000992127
0.0014168	0.000987233
0.0014816	0.000982548
0.0015464	0.000793771
0.0016031	0.000924643
0.0016598	0.000683997
0.0017165	0.000690092
0.00176375	0.00083387
0.001811	0.000588953
0.00185825	0.000520347
0.0019055	0.0004809
0.00195275	0.000503444
0.002	0.000506043
0.00204348	0.000603547
0.00208507	0.000406295
0.00212665	0.000405339
0.00216635	0.000457365
0.00220605	0.000378291
0.00224386	0.000444391
0.00228166	0.000356361
0.00231947	0.00038868
0.00235529	0.000440921
0.00239111	0.000337147
0.00242692	0.000364424
0.00246274	0.000364833
