1.20482e-05	16
2.65769e-05	14
4.39595e-05	11
6.47429e-05	10
8.9355e-05	10
0.000118731	11
0.000153981	11
0.000196282	12
0.000246515	13
0.000304475	14
0.000374028	14
0.000463452	15
0.000570762	16
0.000713841	17
0.000856921	18
0.001	17
0.0011	17
0.00119	17
0.001271	16
0.0013439	15
0.0014168	15
0.0014816	16
0.0015464	15
0.0016031	16
0.0016598	15
0.0017165	15
0.00176375	15
0.001811	15
0.00185825	14
0.0019055	14
0.00195275	14
0.002	14
0.00204348	15
0.00208507	14
0.00212665	14
0.00216635	14
0.00220605	14
0.00224386	14
0.00228166	14
0.00231947	14
0.00235529	14
0.00239111	13
0.00242692	13
0.00246274	13
