1.20482e-05	7.6836e-10
2.65769e-05	6.47622e-10
4.39595e-05	9.07202e-10
6.47429e-05	8.29048e-10
8.9355e-05	6.3543e-10
0.000118731	7.34326e-10
0.000153981	9.44283e-10
0.000196282	7.11428e-10
0.000246515	5.56825e-10
0.000304475	8.30171e-10
0.000374028	5.62733e-10
0.000463452	8.89607e-10
0.000570762	7.44611e-10
0.000713841	6.40967e-10
0.000856921	7.58789e-10
0.001	7.03493e-10
0.0011	8.69888e-10
0.00119	8.10558e-10
0.001271	6.15441e-10
0.0013439	5.65596e-10
0.0014168	8.45265e-10
0.0014816	6.26244e-10
0.0015464	5.60713e-10
0.0016031	6.587e-10
0.0016598	5.86084e-10
0.0017165	6.88356e-10
0.00176375	6.03268e-10
0.001811	6.47757e-10
0.00185825	5.07307e-10
0.0019055	9.06383e-10
0.00195275	5.40545e-10
0.002	6.3589e-10
0.00204348	9.06755e-10
0.00208507	6.35468e-10
0.00212665	6.15603e-10
0.00216635	8.01402e-10
0.00220605	5.90103e-10
0.00224386	7.09428e-10
0.00228166	5.92469e-10
0.00231947	9.65097e-10
0.00235529	5.37287e-10
0.00239111	5.68026e-10
0.00242692	9.19424e-10
0.00246274	9.87824e-10
