1.20482e-05	21
2.65769e-05	16
4.39595e-05	14
6.47429e-05	13
8.9355e-05	13
0.000118731	13
0.000153981	13
0.000196282	14
0.000246515	15
0.000304475	15
0.000374028	16
0.000463452	16
0.000570762	17
0.000713841	18
0.000856921	18
0.001	18
0.0011	18
0.00119	18
0.001271	17
0.0013439	17
0.0014168	16
0.0014816	17
0.0015464	17
0.0016031	17
0.0016598	17
0.0017165	16
0.00176375	17
0.001811	17
0.00185825	16
0.0019055	15
0.00195275	16
0.002	16
0.00204348	16
0.00208507	16
0.00212665	16
0.00216635	16
0.00220605	16
0.00224386	16
0.00228166	16
0.00231947	15
0.00235529	16
0.00239111	16
0.00242692	15
0.00246274	15
