1.20482e-05	0.0377907
2.65769e-05	0.00486968
4.39595e-05	0.000997631
6.47429e-05	0.000523921
8.9355e-05	0.00040192
0.000118731	0.000272036
0.000153981	0.000292116
0.000196282	0.000358888
0.000246515	0.000494428
0.000304475	0.000696121
0.000374028	0.00091097
0.000463452	0.00149775
0.000570762	0.00185244
0.000713841	0.00309248
0.000856921	0.00395419
0.001	0.0035489
0.0011	0.00456474
0.00119	0.00327723
0.001271	0.0023556
0.0013439	0.00183974
0.0014168	0.00204194
0.0014816	0.00188595
0.0015464	0.00178373
0.0016031	0.00190699
0.0016598	0.00166506
0.0017165	0.00141662
0.00176375	0.00205518
0.001811	0.00162908
0.00185825	0.00122112
0.0019055	0.00113175
0.00195275	0.00112868
0.002	0.00112347
0.00204348	0.00141361
0.00208507	0.00105991
0.00212665	0.00107042
0.00216635	0.00108875
0.00220605	0.00102168
0.00224386	0.00108075
0.00228166	0.000989708
0.00231947	0.000967215
0.00235529	0.00111829
0.00239111	0.000945993
0.00242692	0.000927748
0.00246274	0.000931225
