1.20482e-05	7.08133e-10
2.65769e-05	9.82241e-10
4.39595e-05	8.22021e-10
6.47429e-05	6.3241e-10
8.9355e-05	8.30832e-10
0.000118731	6.52922e-10
0.000153981	7.74071e-10
0.000196282	6.20264e-10
0.000246515	5.30522e-10
0.000304475	5.31021e-10
0.000374028	8.6422e-10
0.000463452	9.4918e-10
0.000570762	6.90692e-10
0.000713841	6.9381e-10
0.000856921	5.87017e-10
0.001	5.21006e-10
0.0011	9.30583e-10
0.00119	6.25602e-10
0.001271	7.57442e-10
0.0013439	7.34779e-10
0.0014168	5.11336e-10
0.0014816	5.39815e-10
0.0015464	8.30166e-10
0.0016031	6.03197e-10
0.0016598	8.23847e-10
0.0017165	5.14917e-10
0.00176375	8.41211e-10
0.001811	8.13993e-10
0.00185825	8.01615e-10
0.0019055	6.80065e-10
0.00195275	7.42107e-10
0.002	7.52921e-10
0.00204348	5.99113e-10
0.00208507	5.37413e-10
0.00212665	7.37101e-10
0.00216635	7.8127e-10
0.00220605	7.23076e-10
0.00224386	7.6582e-10
0.00228166	6.57848e-10
0.00231947	5.05851e-10
0.00235529	7.09907e-10
0.00239111	6.44257e-10
0.00242692	9.53011e-10
0.00246274	9.79153e-10
