1.20482e-05	5.65649e-10
2.65769e-05	7.0384e-10
4.39595e-05	8.21791e-10
6.47429e-05	8.16182e-10
8.9355e-05	7.6581e-10
0.000118731	6.10788e-10
0.000153981	6.12029e-10
0.000196282	7.34502e-10
0.000246515	6.0471e-10
0.000304475	6.08923e-10
0.000374028	5.16833e-10
0.000463452	5.22643e-10
0.000570762	6.3037e-10
0.000713841	6.21118e-10
0.000856921	9.44844e-10
0.001	5.52685e-10
0.0011	5.95629e-10
0.00119	8.26224e-10
0.001271	6.69151e-10
0.0013439	8.51961e-10
0.0014168	8.51716e-10
0.0014816	7.43543e-10
0.0015464	5.65907e-10
0.0016031	6.45594e-10
0.0016598	7.67999e-10
0.0017165	6.84716e-10
0.00176375	9.20077e-10
0.001811	6.88255e-10
0.00185825	7.41641e-10
0.0019055	7.67325e-10
0.00195275	8.65201e-10
0.002	9.24689e-10
0.00204348	5.38376e-10
0.00208507	9.99651e-10
0.00212665	9.48008e-10
0.00216635	9.66056e-10
0.00220605	8.6415e-10
0.00224386	5.22154e-10
0.00228166	8.54729e-10
0.00231947	9.73307e-10
0.00235529	7.55751e-10
0.00239111	5.55941e-10
0.00242692	5.16301e-10
0.00246274	6.44129e-10
