1.20482e-05	1
2.65769e-05	0.0186273
4.39595e-05	0.00504803
6.47429e-05	0.00249185
8.9355e-05	0.00176321
0.000118731	0.000855799
0.000153981	0.000653973
0.000196282	0.000618636
0.000246515	0.000869252
0.000304475	0.00149576
0.000374028	0.00133471
0.000463452	0.00280594
0.000570762	0.00229545
0.000713841	0.00392114
0.000856921	0.0079351
0.001	0.00530324
0.0011	0.0167727
0.00119	0.0052173
0.001271	0.00391623
0.0013439	0.00354838
0.0014168	0.00431728
0.0014816	0.00506386
0.0015464	0.00363658
0.0016031	0.00602286
0.0016598	0.00365282
0.0017165	0.00261877
0.00176375	0.00888643
0.001811	0.00385063
0.00185825	0.00273487
0.0019055	0.00217622
0.00195275	0.00186883
0.002	0.0016668
0.00204348	0.00459202
0.00208507	0.0021683
0.00212665	0.0022
0.00216635	0.00253224
0.00220605	0.00203136
0.00224386	0.00276698
0.00228166	0.00198222
0.00231947	0.00171663
0.00235529	0.00320691
0.00239111	0.00189281
0.00242692	0.00165963
0.00246274	0.00157788
