1.20482e-05	1
2.65769e-05	1
4.39595e-05	1
6.47429e-05	1
8.9355e-05	1
0.000118731	1
0.000153981	1
0.000196282	1
0.000246515	1
0.000304475	1
0.000374028	1
0.000463452	1
0.000570762	1
0.000713841	1
0.000856921	1
0.001	1
0.0011	1
0.00119	1
0.001271	1
0.0013439	1
0.0014168	1
0.0014816	1
0.0015464	1
0.0016031	1
0.0016598	1
0.0017165	1
0.00176375	1
0.001811	1
0.00185825	1
0.0019055	1
0.00195275	1
0.002	1
0.00204348	1
0.00208507	1
0.00212665	1
0.00216635	1
0.00220605	1
0.00224386	1
0.00228166	1
0.00231947	1
0.00235529	1
0.00239111	1
0.00242692	1
0.00246274	1
