1.20482e-05	8
2.65769e-05	8
4.39595e-05	8
6.47429e-05	8
8.9355e-05	8
0.000118731	8
0.000153981	8
0.000196282	8
0.000246515	8
0.000304475	8
0.000374028	8
0.000463452	8
0.000570762	8
0.000713841	8
0.000856921	8
0.001	8
0.0011	8
0.00119	8
0.001271	8
0.0013439	8
0.0014168	8
0.0014816	8
0.0015464	8
0.0016031	8
0.0016598	8
0.0017165	8
0.00176375	8
0.001811	8
0.00185825	8
0.0019055	8
0.00195275	8
0.002	8
0.00204348	8
0.00208507	8
0.00212665	8
0.00216635	8
0.00220605	8
0.00224386	8
0.00228166	8
0.00231947	8
0.00235529	8
0.00239111	8
0.00242692	8
0.00246274	8
