1.20482e-05	0.00586666
2.65769e-05	0.00534804
4.39595e-05	0.00532464
6.47429e-05	0.00532413
8.9355e-05	0.00532128
0.000118731	0.00532026
0.000153981	0.00534728
0.000196282	0.00535148
0.000246515	0.00535174
0.000304475	0.00534367
0.000374028	0.00536847
0.000463452	0.00543941
0.000570762	0.00544556
0.000713841	0.00547863
0.000856921	0.00535164
0.001	0.00533412
0.0011	0.00515124
0.00119	0.00530929
0.001271	0.0053524
0.0013439	0.00534169
0.0014168	0.00539934
0.0014816	0.00534384
0.0015464	0.00538539
0.0016031	0.00536635
0.0016598	0.00538
0.0017165	0.00536575
0.00176375	0.00527605
0.001811	0.00534924
0.00185825	0.00534069
0.0019055	0.00534142
0.00195275	0.00537976
0.002	0.00530505
0.00204348	0.00537805
0.00208507	0.00543443
0.00212665	0.00533579
0.00216635	0.00535304
0.00220605	0.00542807
0.00224386	0.0054002
0.00228166	0.00543604
0.00231947	0.00529065
0.00235529	0.00527915
0.00239111	0.0053391
0.00242692	0.00531777
0.00246274	0.00541638
