1.20482e-05	1
2.65769e-05	0.376011
4.39595e-05	0.249245
6.47429e-05	0.191781
8.9355e-05	0.159239
0.000118731	0.14023
0.000153981	0.12789
0.000196282	0.119042
0.000246515	0.111351
0.000304475	0.102758
0.000374028	0.0995391
0.000463452	0.10244
0.000570762	0.0981437
0.000713841	0.103901
0.000856921	0.0828677
0.001	0.0709295
0.0011	0.0423482
0.00119	0.0368883
0.001271	0.0283659
0.0013439	0.0242541
0.0014168	0.0226104
0.0014816	0.0187839
0.0015464	0.0182069
0.0016031	0.0149
0.0016598	0.0146851
0.0017165	0.0137101
0.00176375	0.0111048
0.001811	0.0111678
0.00185825	0.0103858
0.0019055	0.0101188
0.00195275	0.00982283
0.002	0.00954443
0.00204348	0.00855418
0.00208507	0.00811781
0.00212665	0.00785716
0.00216635	0.00727432
0.00220605	0.00720647
0.00224386	0.00665657
0.00228166	0.00660944
0.00231947	0.00640739
0.00235529	0.00596777
0.00239111	0.00596406
0.00242692	0.00579512
0.00246274	0.00570236
