1.20482e-05	0.232589
2.65769e-05	0.01778
4.39595e-05	0.00302034
6.47429e-05	0.00155814
8.9355e-05	0.000775057
0.000118731	0.000381505
0.000153981	0.00027807
0.000196282	0.000247223
0.000246515	0.000328621
0.000304475	0.000528626
0.000374028	0.000523316
0.000463452	0.00109092
0.000570762	0.0013818
0.000713841	0.00237882
0.000856921	0.004441
0.001	0.00241875
0.0011	0.00494535
0.00119	0.00201977
0.001271	0.000948021
0.0013439	0.000584873
0.0014168	0.000747135
0.0014816	0.000686643
0.0015464	0.000541069
0.0016031	0.000651506
0.0016598	0.000448187
0.0017165	0.000292333
0.00176375	0.000687841
0.001811	0.000392245
0.00185825	0.000213569
0.0019055	0.000167285
0.00195275	0.000147191
0.002	0.000134292
0.00204348	0.000286544
0.00208507	0.000121589
0.00212665	0.000130319
0.00216635	0.000139037
0.00220605	0.000115548
0.00224386	0.000136271
0.00228166	0.000105733
0.00231947	9.44576e-05
0.00235529	0.000143886
0.00239111	9.14188e-05
0.00242692	8.30968e-05
0.00246274	7.86936e-05
