1.20482e-05	0.0515895
2.65769e-05	0.00515357
4.39595e-05	0.000963794
6.47429e-05	0.000545474
8.9355e-05	0.000269444
0.000118731	0.00016712
0.000153981	0.000156265
0.000196282	0.000174588
0.000246515	0.000234941
0.000304475	0.000328144
0.000374028	0.00044573
0.000463452	0.000869563
0.000570762	0.00141298
0.000713841	0.00272534
0.000856921	0.00363416
0.001	0.00250179
0.0011	0.00213091
0.00119	0.00123098
0.001271	0.00070492
0.0013439	0.000418025
0.0014168	0.000381673
0.0014816	0.000334311
0.0015464	0.000255477
0.0016031	0.000259295
0.0016598	0.000189568
0.0017165	0.000160171
0.00176375	0.00020997
0.001811	0.000139541
0.00185825	9.51033e-05
0.0019055	8.42586e-05
0.00195275	8.31558e-05
0.002	8.1583e-05
0.00204348	0.000106645
0.00208507	6.18875e-05
0.00212665	5.69871e-05
0.00216635	6.32528e-05
0.00220605	4.97581e-05
0.00224386	5.80698e-05
0.00228166	4.37854e-05
0.00231947	4.44825e-05
0.00235529	5.46737e-05
0.00239111	3.76477e-05
0.00242692	3.79913e-05
0.00246274	3.75185e-05
