1.20482e-05	2.21773e-07
2.65769e-05	1.89188e-07
4.39595e-05	2.595e-07
6.47429e-05	1.71357e-07
8.9355e-05	2.32779e-07
0.000118731	2.47751e-07
0.000153981	4.48491e-07
0.000196282	8.60014e-07
0.000246515	1.95033e-07
0.000304475	3.86729e-07
0.000374028	3.6312e-07
0.000463452	2.49136e-07
0.000570762	4.52394e-07
0.000713841	8.1422e-07
0.000856921	6.20996e-07
0.001	9.21434e-07
0.0011	6.00249e-07
0.00119	7.74276e-07
0.001271	3.96161e-07
0.0013439	3.22314e-07
0.0014168	2.45894e-07
0.0014816	8.56611e-07
0.0015464	3.74465e-07
0.0016031	6.52348e-07
0.0016598	2.81415e-07
0.0017165	3.86934e-07
0.00176375	2.65283e-07
0.001811	1.74224e-07
0.00185825	1.73841e-07
0.0019055	1.01923e-07
0.00195275	1.28073e-07
0.002	1.19134e-07
0.00204348	1.49953e-07
0.00208507	6.00255e-07
0.00212665	6.75981e-07
0.00216635	8.21812e-08
0.00220605	5.24971e-07
0.00224386	9.04437e-07
0.00228166	4.52798e-07
0.00231947	6.86275e-07
0.00235529	7.59991e-07
0.00239111	3.83315e-07
0.00242692	5.69784e-07
0.00246274	5.31213e-07
