1.20482e-05	0.0150275
2.65769e-05	9.39247e-05
4.39595e-05	0.000121087
6.47429e-05	0.000116232
8.9355e-05	0.000119268
0.000118731	0.000132535
0.000153981	0.000152714
0.000196282	0.00018149
0.000246515	0.00021679
0.000304475	0.000250467
0.000374028	0.00032773
0.000463452	0.000478474
0.000570762	0.000590736
0.000713841	0.00105872
0.000856921	0.000857787
0.001	0.00115088
0.0011	0.000401539
0.00119	0.000491641
0.001271	0.000245105
0.0013439	0.000220001
0.0014168	0.000200558
0.0014816	0.000143555
0.0015464	0.000157507
0.0016031	0.000103105
0.0016598	0.000117241
0.0017165	0.000102957
0.00176375	6.9515e-05
0.001811	7.97435e-05
0.00185825	6.85108e-05
0.0019055	7.038e-05
0.00195275	7.06376e-05
0.002	7.13786e-05
0.00204348	5.93493e-05
0.00208507	5.72014e-05
0.00212665	5.5743e-05
0.00216635	4.92181e-05
0.00220605	5.13175e-05
0.00224386	4.47468e-05
0.00228166	4.67334e-05
0.00231947	4.56612e-05
0.00235529	4.0802e-05
0.00239111	4.25443e-05
0.00242692	4.15384e-05
0.00246274	4.21053e-05
