1.20482e-05	3.17967e-05
2.65769e-05	1.45207e-05
4.39595e-05	1.03425e-06
6.47429e-05	6.67757e-07
8.9355e-05	8.02852e-07
0.000118731	7.63174e-07
0.000153981	1.17773e-06
0.000196282	1.98644e-06
0.000246515	3.56296e-06
0.000304475	6.30038e-06
0.000374028	5.28677e-06
0.000463452	1.16162e-05
0.000570762	5.12538e-05
0.000713841	5.95733e-05
0.000856921	0.000267492
0.001	0.000124533
0.0011	0.0001628
0.00119	8.576e-05
0.001271	4.25427e-05
0.0013439	1.58207e-05
0.0014168	1.26193e-05
0.0014816	1.43007e-05
0.0015464	7.58296e-06
0.0016031	1.10986e-05
0.0016598	5.91944e-06
0.0017165	5.78253e-06
0.00176375	6.71561e-06
0.001811	4.62784e-06
0.00185825	3.18942e-06
0.0019055	2.37443e-06
0.00195275	2.60252e-06
0.002	2.55629e-06
0.00204348	3.57015e-06
0.00208507	1.33077e-06
0.00212665	1.41204e-06
0.00216635	2.17902e-06
0.00220605	1.20342e-06
0.00224386	1.98941e-06
0.00228166	1.05936e-06
0.00231947	1.489e-06
0.00235529	1.74904e-06
0.00239111	9.55925e-07
0.00242692	1.26756e-06
0.00246274	1.22934e-06
