1.20482e-05	1
2.65769e-05	0.989542
4.39595e-05	0.98075
6.47429e-05	0.963383
8.9355e-05	0.947899
0.000118731	0.935758
0.000153981	0.926235
0.000196282	0.918432
0.000246515	0.910903
0.000304475	0.901351
0.000374028	0.898295
0.000463452	0.904101
0.000570762	0.900514
0.000713841	0.910514
0.000856921	0.883787
0.001	0.859919
0.0011	0.771972
0.00119	0.732446
0.001271	0.685717
0.0013439	0.605925
0.0014168	0.557452
0.0014816	0.438008
0.0015464	0.407498
0.0016031	0.321071
0.0016598	0.304219
0.0017165	0.288854
0.00176375	0.220497
0.001811	0.212465
0.00185825	0.204517
0.0019055	0.19725
0.00195275	0.190514
0.002	0.184381
0.00204348	0.16238
0.00208507	0.150195
0.00212665	0.146357
0.00216635	0.135417
0.00220605	0.132359
0.00224386	0.122482
0.00228166	0.119929
0.00231947	0.117401
0.00235529	0.108362
0.00239111	0.106486
0.00242692	0.104529
0.00246274	0.102582
