1.20482e-05	0.0563143
2.65769e-05	0.00272808
4.39595e-05	0.00031191
6.47429e-05	0.000182944
8.9355e-05	0.000162299
0.000118731	0.000169221
0.000153981	0.000210876
0.000196282	0.000282763
0.000246515	0.000385112
0.000304475	0.000501218
0.000374028	0.000665579
0.000463452	0.00118022
0.000570762	0.00191524
0.000713841	0.00356955
0.000856921	0.00377049
0.001	0.00271296
0.0011	0.00142461
0.00119	0.000604929
0.001271	0.000505034
0.0013439	0.00032422
0.0014168	0.000299058
0.0014816	0.000264282
0.0015464	0.000199058
0.0016031	0.000186214
0.0016598	0.000134574
0.0017165	0.000143991
0.00176375	0.000120365
0.001811	8.07421e-05
0.00185825	8.32664e-05
0.0019055	8.12727e-05
0.00195275	8.31509e-05
0.002	8.28506e-05
0.00204348	7.53829e-05
0.00208507	5.55341e-05
0.00212665	5.46739e-05
0.00216635	5.47252e-05
0.00220605	4.69404e-05
0.00224386	4.7175e-05
0.00228166	4.08712e-05
0.00231947	4.31573e-05
0.00235529	4.29918e-05
0.00239111	3.53961e-05
0.00242692	3.67825e-05
0.00246274	3.69348e-05
