1.20482e-05	0.0079357
2.65769e-05	0.00037527
4.39595e-05	6.42891e-05
6.47429e-05	2.96658e-05
8.9355e-05	2.19431e-05
0.000118731	1.99789e-05
0.000153981	2.41083e-05
0.000196282	3.54098e-05
0.000246515	5.523e-05
0.000304475	8.20139e-05
0.000374028	0.000117387
0.000463452	0.000250882
0.000570762	0.000518285
0.000713841	0.00120683
0.000856921	0.00156819
0.001	0.000947322
0.0011	0.00051386
0.00119	0.000202072
0.001271	0.000155231
0.0013439	8.39456e-05
0.0014168	6.957e-05
0.0014816	7.25243e-05
0.0015464	4.26422e-05
0.0016031	4.9514e-05
0.0016598	2.68647e-05
0.0017165	3.35922e-05
0.00176375	3.1183e-05
0.001811	1.62081e-05
0.00185825	1.74623e-05
0.0019055	1.67343e-05
0.00195275	1.71191e-05
0.002	1.72574e-05
0.00204348	1.77834e-05
0.00208507	1.02726e-05
0.00212665	9.80746e-06
0.00216635	1.14134e-05
0.00220605	8.18302e-06
0.00224386	9.84707e-06
0.00228166	6.88714e-06
0.00231947	8.09782e-06
0.00235529	8.5874e-06
0.00239111	5.6943e-06
0.00242692	6.77318e-06
0.00246274	6.74207e-06
