1.20482e-05	0.000105937
2.65769e-05	0.00020557
4.39595e-05	0.000253934
6.47429e-05	0.000310379
8.9355e-05	0.000377779
0.000118731	0.000469095
0.000153981	0.000592316
0.000196282	0.000755564
0.000246515	0.000959326
0.000304475	0.00117954
0.000374028	0.00154921
0.000463452	0.00227289
0.000570762	0.00303771
0.000713841	0.0047911
0.000856921	0.00496592
0.001	0.00517558
0.0011	0.00304996
0.00119	0.00263499
0.001271	0.00219887
0.0013439	0.00175017
0.0014168	0.00165276
0.0014816	0.00114299
0.0015464	0.00109099
0.0016031	0.00073828
0.0016598	0.000715197
0.0017165	0.00069091
0.00176375	0.000425749
0.001811	0.000417793
0.00185825	0.000407298
0.0019055	0.000399537
0.00195275	0.000392157
0.002	0.000385607
0.00204348	0.000310191
0.00208507	0.000275189
0.00212665	0.000271416
0.00216635	0.000239724
0.00220605	0.000237405
0.00224386	0.00020892
0.00228166	0.000207112
0.00231947	0.000204942
0.00235529	0.000178736
0.00239111	0.00017757
0.00242692	0.000175965
0.00246274	0.000174547
