1.20482e-05	1.24542e-07
2.65769e-05	5.6157e-07
4.39595e-05	9.02161e-08
6.47429e-05	1.02634e-07
8.9355e-05	1.57535e-07
0.000118731	2.65853e-07
0.000153981	5.02994e-07
0.000196282	9.87478e-07
0.000246515	1.86477e-07
0.000304475	3.50757e-07
0.000374028	7.7512e-07
0.000463452	4.82549e-07
0.000570762	3.03792e-07
0.000713841	3.98707e-07
0.000856921	5.45722e-07
0.001	3.23825e-07
0.0011	8.9338e-07
0.00119	3.79524e-07
0.001271	2.13502e-07
0.0013439	6.3098e-07
0.0014168	5.54913e-07
0.0014816	3.6366e-07
0.0015464	2.78915e-07
0.0016031	1.96832e-07
0.0016598	1.36444e-07
0.0017165	1.59286e-07
0.00176375	7.48567e-08
0.001811	5.61485e-07
0.00185825	7.18607e-07
0.0019055	6.99691e-07
0.00195275	7.18572e-07
0.002	7.32701e-07
0.00204348	6.33354e-07
0.00208507	3.67969e-07
0.00212665	3.71422e-07
0.00216635	3.87635e-07
0.00220605	2.98837e-07
0.00224386	3.1986e-07
0.00228166	2.43365e-07
0.00231947	2.89667e-07
0.00235529	2.65087e-07
0.00239111	1.89513e-07
0.00242692	2.27754e-07
0.00246274	2.27502e-07
