1.20482e-05	0.000106503
2.65769e-05	7.60362e-06
4.39595e-05	3.16533e-06
6.47429e-05	3.63e-06
8.9355e-05	4.74799e-06
0.000118731	6.65101e-06
0.000153981	9.90594e-06
0.000196282	1.51462e-05
0.000246515	2.27944e-05
0.000304475	3.16241e-05
0.000374028	5.03318e-05
0.000463452	0.000106495
0.000570762	0.000186996
0.000713841	0.000103201
0.000856921	9.56089e-05
0.001	7.9074e-05
0.0011	0.000113485
0.00119	5.32884e-05
0.001271	4.16795e-05
0.0013439	2.51928e-05
0.0014168	2.38993e-05
0.0014816	1.70832e-05
0.0015464	1.44451e-05
0.0016031	1.03928e-05
0.0016598	8.42706e-06
0.0017165	9.12874e-06
0.00176375	5.22172e-06
0.001811	4.03922e-06
0.00185825	4.47028e-06
0.0019055	4.42956e-06
0.00195275	4.47203e-06
0.002	4.48895e-06
0.00204348	3.54705e-06
0.00208507	2.65491e-06
0.00212665	2.64362e-06
0.00216635	2.39806e-06
0.00220605	2.18537e-06
0.00224386	1.99246e-06
0.00228166	1.82872e-06
0.00231947	1.92609e-06
0.00235529	1.65581e-06
0.00239111	1.46086e-06
0.00242692	1.52355e-06
0.00246274	1.52481e-06
