1.20482e-05	1
2.65769e-05	0.37607
4.39595e-05	0.249447
6.47429e-05	0.191941
8.9355e-05	0.15941
0.000118731	0.140365
0.000153981	0.128012
0.000196282	0.119166
0.000246515	0.111473
0.000304475	0.10289
0.000374028	0.0997134
0.000463452	0.102573
0.000570762	0.0981466
0.000713841	0.103939
0.000856921	0.0828065
0.001	0.0710699
0.0011	0.042471
0.00119	0.0369214
0.001271	0.0283564
0.0013439	0.0242172
0.0014168	0.0225778
0.0014816	0.0187554
0.0015464	0.0181846
0.0016031	0.0148877
0.0016598	0.0146764
0.0017165	0.0137051
0.00176375	0.0111057
0.001811	0.0111933
0.00185825	0.0104103
0.0019055	0.0101378
0.00195275	0.00983963
0.002	0.00956379
0.00204348	0.00857594
0.00208507	0.00813864
0.00212665	0.00787834
0.00216635	0.00729602
0.00220605	0.00722751
0.00224386	0.00667875
0.00228166	0.00663074
0.00231947	0.00643141
0.00235529	0.00599184
0.00239111	0.00598484
0.00242692	0.00581605
0.00246274	0.00572541
