1.20482e-05	0.234853
2.65769e-05	0.0179734
4.39595e-05	0.00308447
6.47429e-05	0.00159225
8.9355e-05	0.000795492
0.000118731	0.000384827
0.000153981	0.000276855
0.000196282	0.000247822
0.000246515	0.000329033
0.000304475	0.000526228
0.000374028	0.000520548
0.000463452	0.00109309
0.000570762	0.00138064
0.000713841	0.00238525
0.000856921	0.00445497
0.001	0.00240752
0.0011	0.00498005
0.00119	0.00201508
0.001271	0.000945448
0.0013439	0.000584282
0.0014168	0.000742855
0.0014816	0.000690779
0.0015464	0.000536829
0.0016031	0.000654543
0.0016598	0.000444833
0.0017165	0.000289545
0.00176375	0.000690153
0.001811	0.000388443
0.00185825	0.000213866
0.0019055	0.00016784
0.00195275	0.000147553
0.002	0.000134802
0.00204348	0.000289228
0.00208507	0.0001218
0.00212665	0.000130741
0.00216635	0.000138777
0.00220605	0.000115733
0.00224386	0.000135493
0.00228166	0.000105796
0.00231947	9.4383e-05
0.00235529	0.000144076
0.00239111	9.19904e-05
0.00242692	8.30789e-05
0.00246274	7.86851e-05
