1.20482e-05	0.0516786
2.65769e-05	0.00512732
4.39595e-05	0.00094042
6.47429e-05	0.00051807
8.9355e-05	0.000265372
0.000118731	0.000161106
0.000153981	0.000153252
0.000196282	0.000173036
0.000246515	0.000232914
0.000304475	0.000325674
0.000374028	0.000441813
0.000463452	0.000857037
0.000570762	0.0014115
0.000713841	0.00270799
0.000856921	0.00363823
0.001	0.00249636
0.0011	0.00213065
0.00119	0.00123291
0.001271	0.000704182
0.0013439	0.000418505
0.0014168	0.000380812
0.0014816	0.000332423
0.0015464	0.000254978
0.0016031	0.000258596
0.0016598	0.000189146
0.0017165	0.000158896
0.00176375	0.000208897
0.001811	0.000140495
0.00185825	9.51041e-05
0.0019055	8.4049e-05
0.00195275	8.33535e-05
0.002	8.14214e-05
0.00204348	0.000107581
0.00208507	6.21556e-05
0.00212665	5.72627e-05
0.00216635	6.31806e-05
0.00220605	4.98461e-05
0.00224386	5.79835e-05
0.00228166	4.38899e-05
0.00231947	4.4685e-05
0.00235529	5.45404e-05
0.00239111	3.76685e-05
0.00242692	3.79215e-05
0.00246274	3.74782e-05
