1.20482e-05	0.0150404
2.65769e-05	9.54427e-05
4.39595e-05	0.000122805
6.47429e-05	0.000117807
8.9355e-05	0.000120809
0.000118731	0.000134188
0.000153981	0.000154559
0.000196282	0.00018362
0.000246515	0.000219265
0.000304475	0.000253231
0.000374028	0.000331158
0.000463452	0.000483247
0.000570762	0.000596681
0.000713841	0.00106773
0.000856921	0.000865793
0.001	0.00115641
0.0011	0.000404058
0.00119	0.000492254
0.001271	0.000245949
0.0013439	0.000220177
0.0014168	0.000200819
0.0014816	0.000143705
0.0015464	0.00015757
0.0016031	0.000103238
0.0016598	0.000117312
0.0017165	0.000103116
0.00176375	6.96381e-05
0.001811	7.98268e-05
0.00185825	6.86699e-05
0.0019055	7.05546e-05
0.00195275	7.08344e-05
0.002	7.15975e-05
0.00204348	5.95385e-05
0.00208507	5.7359e-05
0.00212665	5.5916e-05
0.00216635	4.93955e-05
0.00220605	5.14834e-05
0.00224386	4.49202e-05
0.00228166	4.68948e-05
0.00231947	4.58441e-05
0.00235529	4.09726e-05
0.00239111	4.27144e-05
0.00242692	4.17287e-05
0.00246274	4.23109e-05
