1.20482e-05	2.24346e-07
2.65769e-05	1.90807e-07
4.39595e-05	2.59469e-07
6.47429e-05	1.71445e-07
8.9355e-05	2.34143e-07
0.000118731	2.49842e-07
0.000153981	4.51317e-07
0.000196282	8.64373e-07
0.000246515	1.96197e-07
0.000304475	3.89321e-07
0.000374028	3.66211e-07
0.000463452	2.5199e-07
0.000570762	4.55878e-07
0.000713841	8.21914e-07
0.000856921	6.25342e-07
0.001	9.27014e-07
0.0011	6.02333e-07
0.00119	7.77106e-07
0.001271	3.96726e-07
0.0013439	3.22786e-07
0.0014168	2.45378e-07
0.0014816	8.53347e-07
0.0015464	3.72774e-07
0.0016031	6.50152e-07
0.0016598	2.80814e-07
0.0017165	3.84281e-07
0.00176375	2.65199e-07
0.001811	1.74451e-07
0.00185825	1.73962e-07
0.0019055	1.01732e-07
0.00195275	1.27984e-07
0.002	1.18905e-07
0.00204348	1.49653e-07
0.00208507	6.05593e-07
0.00212665	6.78735e-07
0.00216635	8.21195e-08
0.00220605	5.28404e-07
0.00224386	9.02653e-07
0.00228166	4.56181e-07
0.00231947	6.86264e-07
0.00235529	7.59154e-07
0.00239111	3.84959e-07
0.00242692	5.68911e-07
0.00246274	5.30402e-07
