1.20482e-05	3.21713e-05
2.65769e-05	1.47491e-05
4.39595e-05	1.04257e-06
6.47429e-05	6.6981e-07
8.9355e-05	8.1066e-07
0.000118731	7.73236e-07
0.000153981	1.19403e-06
0.000196282	2.01141e-06
0.000246515	3.60001e-06
0.000304475	6.35268e-06
0.000374028	5.34379e-06
0.000463452	1.16971e-05
0.000570762	5.16117e-05
0.000713841	5.97085e-05
0.000856921	0.000268458
0.001	0.00012487
0.0011	0.000162968
0.00119	8.5694e-05
0.001271	4.24399e-05
0.0013439	1.58076e-05
0.0014168	1.25262e-05
0.0014816	1.42236e-05
0.0015464	7.50671e-06
0.0016031	1.10398e-05
0.0016598	5.87214e-06
0.0017165	5.74123e-06
0.00176375	6.69005e-06
0.001811	4.60528e-06
0.00185825	3.18012e-06
0.0019055	2.36189e-06
0.00195275	2.59277e-06
0.002	2.54377e-06
0.00204348	3.55602e-06
0.00208507	1.33159e-06
0.00212665	1.41213e-06
0.00216635	2.17036e-06
0.00220605	1.20465e-06
0.00224386	1.97994e-06
0.00228166	1.05856e-06
0.00231947	1.48413e-06
0.00235529	1.74773e-06
0.00239111	9.54356e-07
0.00242692	1.26399e-06
0.00246274	1.22606e-06
