1.20482e-05	2
2.65769e-05	2
4.39595e-05	1
6.47429e-05	1
8.9355e-05	1
0.000118731	1
0.000153981	1
0.000196282	1
0.000246515	2
0.000304475	2
0.000374028	2
0.000463452	3
0.000570762	4
0.000713841	4
0.000856921	6
0.001	5
0.0011	5
0.00119	4
0.001271	4
0.0013439	3
0.0014168	3
0.0014816	2
0.0015464	2
0.0016031	2
0.0016598	2
0.0017165	2
0.00176375	2
0.001811	2
0.00185825	2
0.0019055	2
0.00195275	2
0.002	2
0.00204348	2
0.00208507	1
0.00212665	1
0.00216635	2
0.00220605	1
0.00224386	1
0.00228166	1
0.00231947	1
0.00235529	1
0.00239111	1
0.00242692	1
0.00246274	1
